# Baym-Bethe-Pethick crust EOS table.
# Source: http://adsabs.harvard.edu/doi/10.1086/151216
#
# Columns:
#   rho          p           n_b          Z       A       Gamma
#   g / cm^3     dynes / cm  1 / cm^3     1       1       1
#
# Feynman-Metropolis-Teller
7.86        1.01e9      4.73e24     26.     56.     NaN
7.90        1.01e10     4.76e24     26.     56.     NaN
8.15        1.01e11     4.91e24     26.     56.     NaN
11.6        1.21e12     6.99e24     26.     56.     NaN
16.4        1.40e13     9.90e24     26.     56.     NaN
45.1        1.70e14     2.72e25     26.     56.     NaN
212.0       5.82e15     1.27e26     26.     56.     NaN
1150.0      1.90e17     6.93e26     26.     56.     NaN
#
# EOS state of the art december 1971
1.044e4     9.744e18    6.295e27    26.     56.     1.796
2.622e4     4.968e19    1.581e28    26.     56.     1.744
6.587e4     2.431e20    3.972e28    26.     56.     1.706
1.654e5     1.151e21    9.976e28    26.     56.     1.670
4.156e5     5.266e21    2.506e29    26.     56.     1.631
1.044e6     2.318e22    6.294e29    26.     56.     1.586
2.622e6     9.755e22    1.581e30    26.     56.     1.534
6.588e6     3.911e23    3.972e30    26.     56.     1.482
8.293e6     5.259e23    5.000e30    28.     62.     1.471
1.655e7     1.435e24    9.976e30    28.     62.     1.437
3.302e7     3.833e24    1.990e31    28.     62.     1.408
6.589e7     1.006e25    3.972e31    28.     62.     1.386
1.315e8     2.604e25    7.924e31    28.     62.     1.369
2.624e8     6.676e25    1.581e32    28.     62.     1.357
3.304e8     8.738e25    1.990e32    28.     64.     1.355
5.237e8     1.629e26    3.155e32    28.     64.     1.350
8.301e8     3.029e26    5.000e32    28.     64.     1.346
1.045e9     4.129e26    6.294e32    28.     64.     1.344
1.316e9     5.036e26    7.924e32    34.     84.     1.343
1.657e9     6.860e26    9.976e32    34.     84.     1.342
2.626e9     1.272e27    1.581e33    34.     84.     1.340
4.164e9     2.356e27    2.506e33    34.     84.     1.338
6.601e9     4.362e27    3.972e33    34.     84.     1.337
8.312e9     5.662e27    5.000e33    32.     82.     1.336
1.046e10    7.702e27    6.294e33    32.     82.     1.336
1.318e10    1.048e28    7.924e33    32.     82.     1.336
1.659e10    1.425e28    9.976e33    32.     82.     1.335
2.090e10    1.938e28    1.256e34    32.     82.     1.335
2.631e10    2.503e28    1.581e34    30.     80.     1.335
3.313e10    3.404e28    1.990e34    30.     80.     1.335
4.172e10    4.628e28    2.506e34    30.     80.     1.334
5.254e10    5.949e28    3.155e34    28.     78.     1.334
6.617e10    8.089e28    3.972e34    28.     78.     1.334
8.332e10    1.100e29    5.000e34    28.     78.     1.334
1.049e11    1.495e29    6.294e34    28.     78.     1.334
1.322e11    2.033e29    7.924e34    28.     78.     1.334
1.664e11    2.597e29    9.976e34    26.     76.     1.334
1.844e11    2.892e29    1.105e35    42.     124.    1.334
2.096e11    3.290e29    1.256e35    40.     122.    1.334
2.640e11    4.473e29    1.581e35    40.     122.    1.334
3.325e11    5.816e29    1.990e35    38.     120.    1.334
4.188e11    7.538e29    2.506e35    36.     118.    1.334
4.299e11    7.805e29    2.572e35    36.     118.    1.334
#
# Baym-Bethe-Pethick - lower regime
4.460e11    7.890e29    2.670e35    40.     126.    0.40
5.228e11    8.352e29    3.126e35    40.     128.    0.36
6.610e11    9.098e29    3.951e35    40.     130.    0.40
7.964e11    9.831e29    4.759e35    41.     132.    0.46
9.728e11    1.083e30    5.812e35    41.     135.    0.54
1.196e12    1.218e30    7.143e35    42.     137.    0.63
1.471e12    1.399e30    8.786e35    42.     140.    0.73
1.805e12    1.638e30    1.077e36    43.     142.    0.83
2.202e12    1.950e30    1.314e36    43.     146.    0.93
2.930e12    2.592e30    1.748e36    44.     151.    1.06
3.833e12    3.506e30    2.287e36    45.     156.    1.17
4.933e12    4.771e30    2.942e36    46.     163.    1.25
6.248e12    6.481e30    3.726e36    48.     170.    1.31
7.801e12    8.748e30    4.650e36    49.     178.    1.36
9.611e12    1.170e31    5.728e36    50.     186.    1.39
1.246e13    1.695e31    7.424e36    52.     200.    1.43
1.496e13    2.209e31    8.907e36    54.     211.    1.44
1.778e13    2.848e31    1.059e37    56.     223.    1.46
2.210e13    3.931e31    1.315e37    58.     241.    1.47
2.988e13    6.178e31    1.777e37    63.     275.    1.49
3.767e13    8.774e31    2.239e37    67.     311.    1.51
5.081e13    1.386e32    3.017e37    74.     375.    1.53
6.193e13    1.882e32    3.675e37    79.     435.    1.54
7.732e13    2.662e32    4.585e37    88.     529.    1.56
9.826e13    3.897e32    5.821e37    100.    683.    1.60
1.262e14    5.861e32    7.468e37    117.    947.    1.65
1.586e14    8.595e32    9.371e37    143.    1390.   1.70
#
# Baym-Bethe-Pethick - upper regime
2.004e14    1.286e33    1.182e38    201.    2500.   1.74
2.520e14    1.900e33    1.484e38    NaN     NaN     1.81
2.761e14    2.242e33    1.625e38    NaN     NaN     1.82
3.085e14    2.751e33    1.814e38    NaN     NaN     1.87
3.433e14    3.369e33    2.017e38    NaN     NaN     1.92
3.885e14    4.286e33    2.280e38    NaN     NaN     1.97
4.636e14    6.103e33    2.715e38    NaN     NaN     2.03
5.094e14    7.391e33    2.979e38    NaN     NaN     2.05
